
  0  0  0  0  0  0  0
  0  5  1  3 -1  5 -1
  0  3  7  1  3  3 -1
  0  5  1 -1  1  3  1
  0  5  3  7  3 -1  3
  0  3 -1  7  3  3  5
  0  3  5  1  1  3  7


  0  0  0  0  0  0  0
  5  1  3 -1  5 -1  1
  3  7  1  3  3 -1  7
  5  1 -1  1  3  1  1
  5  3  7  3 -1  3  5
  3 -1  7  3  3  5  7
  3  5  1  1  3  7  5


  0  5  1  3 -1  5 -1
  0  3  7  1  3  3 -1
  0  5  1 -1  1  3  1
  0  5  3  7  3 -1  3
  0  3 -1  7  3  3  5
  0  3  5  1  1  3  7
  0  1  7  7  3  5  7


  5  1  3 -1  5 -1  1
  3  7  1  3  3 -1  7
  5  1 -1  1  3  1  1
  5  3  7  3 -1  3  5
  3 -1  7  3  3  5  7
  3  5  1  1  3  7  5
  1  7  7  3  5  7 -1


--------diff:0.000000------

  5  1  3 -1  5 -1  1
  3  7  1  3  3 -1  7
  5  1 -1  1  3  1  1
  5  3  7  3 -1  3  5
  3 -1  7  3  3  5  7
  3  5  1  1  3  7  5
  1  7  7  3  5  7 -1

