
  5   1   3  -1 
  5  -1   1   3 
  7   1   3   3 
 -1   7   5   1 


  1   3 
  1  -1 


  5   3   0   0   0   0   0 
  7   3   0   0   0   0   0 
  0   0   0   0   0   0   0 
  0   0   0   0   0   0   0 
  0   0   0   0   0   0   0 
  0   0   0   0   0   0   0 
  0   0   0   0   0   0   0 


  1 


  1  -1   0   0   0   0   0 
  1   3   0   0   0   0   0 
  0   0   0   0   0   0   0 
  0   0   0   0   0   0   0 
  0   0   0   0   0   0   0 
  0   0   0   0   0   0   0 
  0   0   0   0   0   0   0 


  3 


  5   1   0   0   0   0   0 
 -1   5   0   0   0   0   0 
  0   0   0   0   0   0   0 
  0   0   0   0   0   0   0 
  0   0   0   0   0   0   0 
  0   0   0   0   0   0   0 
  0   0   0   0   0   0   0 


  1 


 -1   3   0   0   0   0   0 
  7   1   0   0   0   0   0 
  0   0   0   0   0   0   0 
  0   0   0   0   0   0   0 
  0   0   0   0   0   0   0 
  0   0   0   0   0   0   0 
  0   0   0   0   0   0   0 


 -1 

  5   3   1   9   3  -3  -1 
  5   1  -1  -1   1  -3   3 
  5  -3  -1   3   1   9   3 
  7  -1   1  -3   3  -3   3 
  7   3   1   9   3   9   3 
 -1  -7   7  -5   5  -1   1 
 -1  21   7  15   5   3   1 

 14  -2   0   0   0   0   0 
  2  16   0   0   0   0   0 
  0   0   0   0   0   0   0 
  0   0   0   0   0   0   0 
  0   0   0   0   0   0   0 
  0   0   0   0   0   0   0 
  0   0   0   0   0   0   0 

--------diff:101.000000------
